list(Nstudy=5.00000E+01, N=c(1.83000E+02, 1.68000E+02, 2.55000E+02, 2.15000E+02, 1.68000E+02, 1.60000E+02, 1.69000E+02, 1.66000E+02, 2.46000E+02, 2.12000E+02, 1.60000E+02, 2.46000E+02, 1.86000E+02, 1.86000E+02, 1.61000E+02, 2.41000E+02, 3.13000E+02, 2.02000E+02, 1.66000E+02, 2.27000E+02, 1.76000E+02, 1.65000E+02, 1.65000E+02, 2.54000E+02, 2.35000E+02, 2.44000E+02, 1.93000E+02, 1.80000E+02, 1.63000E+02, 1.95000E+02, 2.14000E+02, 2.03000E+02, 2.62000E+02, 3.11000E+02, 1.64000E+02, 1.67000E+02, 1.61000E+02, 1.75000E+02, 1.67000E+02, 2.74000E+02, 1.69000E+02, 1.96000E+02, 2.34000E+02, 1.70000E+02, 1.76000E+02, 2.45000E+02, 1.88000E+02, 1.66000E+02, 1.79000E+02, 1.78000E+02), Ninv=c(5.46448E-03, 5.95238E-03, 3.92157E-03, 4.65116E-03, 5.95238E-03, 6.25000E-03, 5.91716E-03, 6.02410E-03, 4.06504E-03, 4.71698E-03, 6.25000E-03, 4.06504E-03, 5.37634E-03, 5.37634E-03, 6.21118E-03, 4.14938E-03, 3.19489E-03, 4.95050E-03, 6.02410E-03, 4.40529E-03, 5.68182E-03, 6.06061E-03, 6.06061E-03, 3.93701E-03, 4.25532E-03, 4.09836E-03, 5.18135E-03, 5.55556E-03, 6.13497E-03, 5.12821E-03, 4.67290E-03, 4.92611E-03, 3.81679E-03, 3.21543E-03, 6.09756E-03, 5.98802E-03, 6.21118E-03, 5.71429E-03, 5.98802E-03, 3.64964E-03, 5.91716E-03, 5.10204E-03, 4.27350E-03, 5.88235E-03, 5.68182E-03, 4.08163E-03, 5.31915E-03, 6.02410E-03, 5.58659E-03, 5.61798E-03), mu.N=1.99980E+02, p=4.00000E+00, pp=6.00000E+00, j=c(2.00000E+00, 3.00000E+00, 4.00000E+00, 3.00000E+00, 4.00000E+00, 4.00000E+00), k=c(1.00000E+00, 1.00000E+00, 1.00000E+00, 2.00000E+00, 2.00000E+00, 3.00000E+00), vR= structure(.Data= c(    NA,     NA,     NA, -2.39507E-01,     NA,     NA, -1.66928E-01, 2.54342E-01, 7.54534E-02, -1.70557E-01, 8.23665E-02, -2.38508E-01, 7.59412E-02, 3.41402E-01, -2.03901E-02, -1.21180E-02, 2.46364E-01, -3.25233E-01, -2.22756E-01, 3.15324E-01, 2.62941E-02, -2.24758E-01, -6.15822E-02, -2.46690E-01, 8.26058E-02, 3.34735E-01,     NA, -2.40057E-02,     NA,     NA, 1.32956E-02, 2.98773E-01,     NA, -5.11610E-02,     NA,     NA, -6.48694E-02, 3.12811E-01, 3.68519E-02, -5.92695E-02, -2.42561E-01, -2.19525E-01, -7.31032E-02,     NA, 1.30595E-01,     NA, 3.22257E-01,     NA,     NA, 3.32229E-01,     NA,     NA,     NA,     NA, -1.00433E-01, 4.02953E-01, 3.07104E-03, -1.63947E-01, 1.09592E-01, -1.18854E-01,     NA, 3.36862E-01, 9.55758E-02,     NA,     NA, -4.31195E-01, 3.03839E-01, 3.36317E-01, 1.06491E-01, -5.72819E-02, 2.51793E-01, -2.03207E-01,     NA, 1.87189E-01, 4.93273E-02,     NA,     NA, -2.12343E-01, -9.95979E-02, 2.72021E-01, 3.36659E-02, -9.06652E-02, -5.74544E-02, -2.14020E-01, 2.16077E-01, 3.36988E-01, 1.05494E-01, 2.62115E-02, -9.88280E-02, -2.45869E-01, -1.16763E-02, 1.75791E-01,     NA, -1.44458E-01,     NA,     NA, -9.83498E-02, 2.70783E-01, -1.29276E-02, -1.19289E-01, -2.67675E-01, -2.65851E-01, -2.52045E-01,     NA, 9.96394E-03,     NA, 1.30742E-01,     NA, 4.12619E-01, 3.83989E-01, 9.24852E-02, 1.02222E-01, 4.96057E-01, -2.83072E-01,     NA,     NA,     NA, 8.18285E-02, -9.95066E-02, -3.66884E-01,     NA, 2.96861E-01, -7.85790E-02,     NA,     NA, -3.66988E-01, 1.57675E-01, 2.84258E-01, -1.00213E-03, -2.61837E-02, 3.72827E-01, -3.08377E-01, 2.83361E-01, 2.00548E-01, 1.96516E-01, 1.43539E-02, 5.20452E-01, -3.21285E-01, -1.89018E-01, 2.69912E-01, 2.98840E-02, -1.98162E-01, 3.88639E-01, -2.62991E-01, -1.36925E-01, 2.56137E-01, -2.27610E-02, -7.31312E-03, 1.33836E-01, -2.41110E-01, -7.11700E-02, 3.69761E-01, -8.98530E-02, -8.93714E-02, 6.19354E-01, -3.11120E-01, 1.83995E-01, 3.19104E-01, -5.92399E-03, -6.73126E-02, 5.89807E-02, -2.06327E-01, -3.28769E-02, 2.18277E-01, 7.47198E-02, -3.77245E-02, 8.06049E-02, -3.25934E-01,     NA, 3.38982E-01, 2.11099E-01,     NA,     NA, -1.89789E-01, 5.01024E-01, 3.65590E-01, 3.39835E-01, -2.27280E-02, 7.67745E-01, -2.51900E-01, 5.42597E-01, 2.55070E-01, 3.37580E-01, 7.86493E-02, 4.56949E-01, -2.86593E-01,     NA, 3.04356E-01, -5.19131E-02,     NA,     NA, -3.18485E-01,     NA, 2.41193E-01, -1.08918E-02,     NA,     NA, -3.44331E-01, 7.70745E-01,     NA, 1.35649E-01,     NA, 2.40830E-01,     NA,     NA,     NA, 1.08288E-01,     NA,     NA,     NA, -4.21453E-01, 3.46658E-01, -7.12302E-03, -3.80526E-01, -1.48429E-01, -1.97367E-01, -3.42506E-03, 3.38069E-01, 1.30781E-02, -8.32996E-02, 3.11823E-01, -2.50210E-01, 9.59349E-03, 3.41465E-01, 6.70327E-02, -2.48041E-01, 3.82229E-01, -2.55307E-01,     NA,     NA,     NA, -1.77041E-01, -4.02776E-02, -2.19419E-01, 5.58561E-01, 2.78574E-01, 1.35729E-01, 7.34069E-02, 3.27566E-01, -2.34994E-01,     NA, 3.65576E-01, -1.01592E-01,     NA,     NA, -4.20466E-01, 2.86294E-01, 1.54656E-01, 1.08141E-01, -9.20421E-02, 4.06592E-01, -3.03509E-01,     NA, 2.17594E-01, 2.76703E-03,     NA,     NA, -2.62593E-01, 7.65313E-02, 3.28841E-01, 4.47457E-02, -1.11501E-01, 1.33127E-02, -2.29835E-01,     NA, 3.61811E-01,     NA,     NA,     NA,     NA, 2.89532E-01, 3.74659E-01,     NA, -1.25270E-01,     NA,     NA, 2.43465E-01, 2.59366E-01,     NA, -5.92966E-03,     NA,     NA, 7.65257E-02, 3.57849E-01, 6.26018E-02, 8.93141E-02, -2.47900E-02, -2.14413E-01,     NA,     NA,     NA, -3.52064E-02, 3.82457E-01, -3.31662E-01,     NA, 3.54514E-01,     NA,     NA,     NA,     NA), .Dim=c(50, 6)),