list(Nstudy=5.00000E+01, N=c(1.83000E+02, 1.68000E+02, 2.55000E+02, 2.15000E+02, 1.68000E+02, 1.60000E+02, 1.69000E+02, 1.66000E+02, 2.46000E+02, 2.12000E+02, 1.60000E+02, 2.46000E+02, 1.86000E+02, 1.86000E+02, 1.61000E+02, 2.41000E+02, 3.13000E+02, 2.02000E+02, 1.66000E+02, 2.27000E+02, 1.76000E+02, 1.65000E+02, 1.65000E+02, 2.54000E+02, 2.35000E+02, 2.44000E+02, 1.93000E+02, 1.80000E+02, 1.63000E+02, 1.95000E+02, 2.14000E+02, 2.03000E+02, 2.62000E+02, 3.11000E+02, 1.64000E+02, 1.67000E+02, 1.61000E+02, 1.75000E+02, 1.67000E+02, 2.74000E+02, 1.69000E+02, 1.96000E+02, 2.34000E+02, 1.70000E+02, 1.76000E+02, 2.45000E+02, 1.88000E+02, 1.66000E+02, 1.79000E+02, 1.78000E+02), Ninv=c(5.46448E-03, 5.95238E-03, 3.92157E-03, 4.65116E-03, 5.95238E-03, 6.25000E-03, 5.91716E-03, 6.02410E-03, 4.06504E-03, 4.71698E-03, 6.25000E-03, 4.06504E-03, 5.37634E-03, 5.37634E-03, 6.21118E-03, 4.14938E-03, 3.19489E-03, 4.95050E-03, 6.02410E-03, 4.40529E-03, 5.68182E-03, 6.06061E-03, 6.06061E-03, 3.93701E-03, 4.25532E-03, 4.09836E-03, 5.18135E-03, 5.55556E-03, 6.13497E-03, 5.12821E-03, 4.67290E-03, 4.92611E-03, 3.81679E-03, 3.21543E-03, 6.09756E-03, 5.98802E-03, 6.21118E-03, 5.71429E-03, 5.98802E-03, 3.64964E-03, 5.91716E-03, 5.10204E-03, 4.27350E-03, 5.88235E-03, 5.68182E-03, 4.08163E-03, 5.31915E-03, 6.02410E-03, 5.58659E-03, 5.61798E-03), mu.N=1.99980E+02, p=4.00000E+00, pp=6.00000E+00, j=c(2.00000E+00, 3.00000E+00, 4.00000E+00, 3.00000E+00, 4.00000E+00, 4.00000E+00), k=c(1.00000E+00, 1.00000E+00, 1.00000E+00, 2.00000E+00, 2.00000E+00, 3.00000E+00), vR= structure(.Data= c(    NA,     NA,     NA, 5.45211E-02,     NA,     NA, -1.19932E-01, 2.72272E-01, 8.73648E-02, -5.20666E-02, -1.20523E-01, -2.47786E-01, -9.93646E-02, 3.06791E-01, 7.99119E-02, -1.55101E-01, 1.82392E-01, -3.09598E-01, 5.07640E-02, 3.28434E-01, 8.65514E-03, -7.07017E-02, -1.19377E-01, -2.95437E-01, 7.77604E-02, 3.51422E-01,     NA, -4.54360E-02,     NA,     NA, -9.68665E-02, 1.18288E-01,     NA, -1.47484E-01,     NA,     NA, -5.96695E-05, 3.24315E-01, 5.50889E-02, -5.74038E-02, -1.43561E-01, -2.10538E-01, 1.66577E-01,     NA, 1.46834E-01,     NA, -2.67349E-01,     NA,     NA, 2.51493E-01,     NA,     NA,     NA,     NA, -2.43285E-01, 4.03917E-01, -4.16972E-02, -1.60323E-01, 2.06296E-01, -1.44259E-01,     NA, 1.63941E-01, 1.67826E-02,     NA,     NA, -3.92556E-01, 1.03781E-01, 2.47272E-01, 1.53894E-01, -1.66693E-01, 6.24679E-01, -4.05257E-01,     NA, 2.79529E-01, 9.58303E-02,     NA,     NA, -1.36686E-01, -1.35569E-01, 2.60835E-01, -1.26563E-01, -2.18084E-01, 5.20827E-01, -3.64254E-01, -2.15593E-01, 2.79407E-01, 5.80872E-02, -1.70472E-01, -1.71963E-01, -2.90766E-01, 2.61794E-01, 1.68762E-01,     NA, -4.58251E-02,     NA,     NA, 2.66638E-01, 2.40877E-01, 5.21534E-02, 7.96309E-03, 8.20960E-02, -3.90602E-01, 2.79412E-01,     NA, 2.97044E-02,     NA, 2.36341E-01,     NA, 5.21217E-01, 2.37097E-01, 6.61545E-02, -6.81880E-02, 4.65550E-02, -2.53057E-01,     NA,     NA,     NA, -1.57946E-01, -2.08917E-01, -2.28661E-01,     NA, 2.78456E-01, -9.07100E-02,     NA,     NA, -1.92021E-01, 1.70124E-01, 2.74970E-01, 1.04623E-01, 6.07582E-03, -1.78267E-02, -2.74802E-01, -1.63825E-01, 3.84403E-01, 8.19563E-02, -1.48535E-01, 5.55755E-02, -2.45083E-01, -2.25309E-02, 2.97646E-01, 5.23366E-02, -1.44555E-01, 4.98637E-01, -2.43338E-01, 7.24673E-01, 3.09303E-01, 1.83130E-01, 1.42407E-01, 1.37385E-01, -1.42261E-01, -2.88392E-01, 3.01718E-01, 1.27636E-02, -1.67703E-01, 2.10979E-01, -3.02203E-01, -8.45767E-02, 2.50545E-01, -2.56460E-02, -1.03133E-01, 3.95231E-01, -2.78312E-01, 6.73543E-03, 3.19975E-01, -1.23021E-01, -1.25634E-02, 4.01179E-01, -3.38491E-01,     NA, 3.12144E-01, 2.69039E-02,     NA,     NA, -2.32679E-01, -1.44945E-01, 3.34065E-01, 1.11963E-01, -1.80229E-01, 1.52664E-01, -3.08719E-01, -5.54670E-01, 3.02959E-01, -1.90473E-01, -1.80184E-01, 1.52930E-01, -3.77320E-01,     NA, 2.91042E-01, 7.17212E-02,     NA,     NA, -7.49582E-02,     NA, 3.57668E-01, 1.74532E-02,     NA,     NA, -1.53342E-01, -3.12824E-01,     NA, 2.52274E-01,     NA, -6.64175E-01,     NA,     NA,     NA, -1.37787E-01,     NA,     NA,     NA, -5.80010E-02, 3.13292E-01, -9.93377E-02, -1.32927E-01, 5.85094E-01, -4.47409E-01, 7.99486E-01, 2.51333E-01, 8.69037E-02, 1.50569E-01, 1.19991E-01, -2.44940E-01, 1.45683E-01, 3.36998E-01, -3.03755E-02, 1.00044E-01, -3.88910E-01, -2.51544E-01,     NA,     NA,     NA, -1.35732E-01, -3.99838E-01, -2.69760E-01, -2.88381E-01, 2.95409E-01, -2.14304E-02, -1.66403E-01, 2.37620E-01, -2.52757E-01,     NA, 4.91146E-01, -2.05565E-01,     NA,     NA, -4.68598E-01, -6.95387E-02, 3.77302E-01, 5.26681E-02, -2.47182E-01, -8.06320E-02, -1.17428E-01,     NA, 2.86978E-01, -3.26067E-02,     NA,     NA, -2.43838E-01, 3.63214E-01, 2.65463E-01, 1.65144E-01, -4.63586E-02, 5.03488E-01, -3.07779E-01,     NA, 2.69599E-01,     NA,     NA,     NA,     NA, 7.69962E-02, 3.88075E-01,     NA, -1.93519E-01,     NA,     NA, 1.37792E-01, 1.75218E-01,     NA, -7.92632E-02,     NA,     NA, 6.42776E-01, 3.93930E-01, 1.90563E-01, 1.92949E-01, 2.34035E-01, -1.31913E-01,     NA,     NA,     NA, 2.86980E-02, 8.87003E-02, -3.33268E-01,     NA, 2.39282E-01,     NA,     NA,     NA,     NA), .Dim=c(50, 6)),